All instances ::  TIMEOUT=15min
=============================
inst1:
FORTNITERS(2,2,3,1,1)
	Day 1
		Session 1: 0, 1, 
		Session 2: 2, 3, 

	Day 2
		Session 1: 0, 2, 
		Session 2: 1, 3, 

	Day 3
		Session 1: 0, 3, 
		Session 2: 1, 2, 


** Choco 4.10.5 (2020-10) : Constraint Programming Solver, Copyright (c) 2010-2020
- Model[Model-0] features:
	Variables : 182
	Constraints : 195
	Building time : 0,156s
	User-defined search strategy : yes
	Complementary search strategy : no
- Complete search - 1 solution found.
	Model[Model-0]
	Solutions: 1
	Building time : 0,156s
	Resolution time : 0,080s
	Nodes: 6 (75,3 n/s) 
	Backtracks: 0
	Backjumps: 0
	Fails: 0
	Restarts: 0
==========================================================
inst2:
FORTNITERS(4,4,5,1,1)
	Day 1
		Session 1: 0, 1, 2, 3, 
		Session 2: 4, 7, 10, 13, 
		Session 3: 5, 9, 11, 15, 
		Session 4: 6, 8, 12, 14, 

	Day 2
		Session 1: 0, 4, 5, 6, 
		Session 2: 1, 7, 11, 14, 
		Session 3: 2, 8, 10, 15, 
		Session 4: 3, 9, 12, 13, 

	Day 3
		Session 1: 0, 7, 8, 9, 
		Session 2: 1, 4, 12, 15, 
		Session 3: 2, 6, 11, 13, 
		Session 4: 3, 5, 10, 14, 

	Day 4
		Session 1: 0, 10, 11, 12, 
		Session 2: 1, 5, 8, 13, 
		Session 3: 2, 4, 9, 14, 
		Session 4: 3, 6, 7, 15, 

	Day 5
		Session 1: 0, 13, 14, 15, 
		Session 2: 1, 6, 9, 10, 
		Session 3: 2, 5, 7, 12, 
		Session 4: 3, 4, 8, 11, 


** Choco 4.10.5 (2020-10) : Constraint Programming Solver, Copyright (c) 2010-2020
- Model[Model-0] features:
	Variables : 8802
	Constraints : 9195
	Building time : 0,256s
	User-defined search strategy : yes
	Complementary search strategy : no
- Complete search - 1 solution found.
	Model[Model-0]
	Solutions: 1
	Building time : 0,256s
	Resolution time : 0,266s
	Nodes: 38 (143,1 n/s) 
	Backtracks: 0
	Backjumps: 0
	Fails: 0
	Restarts: 0
==========================================================
inst3:

FORTNITERS(5,2,8,0,1)
	Day 1
		Session 1: 0, 1, 
		Session 2: 2, 3, 
		Session 3: 4, 5, 
		Session 4: 6, 7, 
		Session 5: 8, 9, 

	Day 2
		Session 1: 0, 2, 
		Session 2: 1, 3, 
		Session 3: 4, 6, 
		Session 4: 5, 9, 
		Session 5: 7, 8, 

	Day 3
		Session 1: 0, 3, 
		Session 2: 1, 2, 
		Session 3: 4, 8, 
		Session 4: 5, 6, 
		Session 5: 7, 9, 

	Day 4
		Session 1: 0, 4, 
		Session 2: 1, 5, 
		Session 3: 2, 7, 
		Session 4: 3, 9, 
		Session 5: 6, 8, 

	Day 5
		Session 1: 0, 5, 
		Session 2: 1, 4, 
		Session 3: 2, 8, 
		Session 4: 3, 7, 
		Session 5: 6, 9, 

	Day 6
		Session 1: 0, 6, 
		Session 2: 1, 9, 
		Session 3: 2, 4, 
		Session 4: 3, 8, 
		Session 5: 5, 7, 

	Day 7
		Session 1: 0, 7, 
		Session 2: 1, 6, 
		Session 3: 2, 9, 
		Session 4: 3, 4, 
		Session 5: 5, 8, 

	Day 8
		Session 1: 0, 8, 
		Session 2: 1, 7, 
		Session 3: 2, 5, 
		Session 4: 3, 6, 
		Session 5: 4, 9, 


** Choco 4.10.5 (2020-10) : Constraint Programming Solver, Copyright (c) 2010-2020
- Model[Model-0] features:
	Variables : 6647
	Constraints : 6689
	Building time : 0,463s
	User-defined search strategy : yes
	Complementary search strategy : no
- Complete search - 1 solution found.
	Model[Model-0]
	Solutions: 1
	Building time : 0,463s
	Resolution time : 12,942s
	Nodes: 113 134 (8 741,9 n/s) 
	Backtracks: 226 150
	Backjumps: 0
	Fails: 113 078
	Restarts: 0
==========================================================
inst4:

FORTNITERS(5,3,6,0,1)
	Day 1
		Session 1: 0, 1, 2, 
		Session 2: 3, 5, 7, 
		Session 3: 4, 10, 14, 
		Session 4: 6, 11, 13, 
		Session 5: 8, 9, 12, 

	Day 2
		Session 1: 0, 3, 4, 
		Session 2: 1, 5, 9, 
		Session 3: 2, 7, 13, 
		Session 4: 6, 12, 14, 
		Session 5: 8, 10, 11, 

	Day 3
		Session 1: 0, 5, 6, 
		Session 2: 1, 3, 11, 
		Session 3: 2, 4, 9, 
		Session 4: 7, 10, 12, 
		Session 5: 8, 13, 14, 

	Day 4
		Session 1: 0, 7, 8, 
		Session 2: 1, 4, 6, 
		Session 3: 2, 3, 12, 
		Session 4: 5, 10, 13, 
		Session 5: 9, 11, 14, 

	Day 5
		Session 1: 0, 9, 10, 
		Session 2: 1, 12, 13, 
		Session 3: 2, 5, 14, 
		Session 4: 3, 6, 8, 
		Session 5: 4, 7, 11, 

	Day 6
		Session 1: 0, 11, 12, 
		Session 2: 1, 7, 14, 
		Session 3: 2, 6, 10, 
		Session 4: 3, 9, 13, 
		Session 5: 4, 5, 8, 


** Choco 4.10.5 (2020-10) : Constraint Programming Solver, Copyright (c) 2010-2020
- Model[Model-0] features:
	Variables : 11357
	Constraints : 11564
	Building time : 0,442s
	User-defined search strategy : yes
	Complementary search strategy : no
- Complete search - 1 solution found.
	Model[Model-0]
	Solutions: 1
	Building time : 0,442s
	Resolution time : 89,438s
	Nodes: 409 586 (4 579,6 n/s) 
	Backtracks: 819 049
	Backjumps: 0
	Fails: 409 532
	Restarts: 0
==========================================================
inst5:
FORTNITERS(5,5,6,1,1)
	Day 1
		Session 1: 0, 1, 2, 3, 4, 
		Session 2: 5, 9, 13, 17, 21, 
		Session 3: 6, 10, 16, 19, 24, 
		Session 4: 7, 12, 14, 20, 22, 
		Session 5: 8, 11, 15, 18, 23, 

	Day 2
		Session 1: 0, 5, 6, 7, 8, 
		Session 2: 1, 10, 13, 18, 22, 
		Session 3: 2, 9, 16, 20, 23, 
		Session 4: 3, 12, 15, 19, 21, 
		Session 5: 4, 11, 14, 17, 24, 

	Day 3
		Session 1: 0, 9, 10, 11, 12, 
		Session 2: 1, 5, 14, 19, 23, 
		Session 3: 2, 6, 15, 17, 22, 
		Session 4: 3, 8, 13, 20, 24, 
		Session 5: 4, 7, 16, 18, 21, 

	Day 4
		Session 1: 0, 13, 14, 15, 16, 
		Session 2: 1, 6, 11, 20, 21, 
		Session 3: 2, 5, 12, 18, 24, 
		Session 4: 3, 7, 10, 17, 23, 
		Session 5: 4, 8, 9, 19, 22, 

	Day 5
		Session 1: 0, 17, 18, 19, 20, 
		Session 2: 1, 7, 9, 15, 24, 
		Session 3: 2, 8, 10, 14, 21, 
		Session 4: 3, 5, 11, 16, 22, 
		Session 5: 4, 6, 12, 13, 23, 

	Day 6
		Session 1: 0, 21, 22, 23, 24, 
		Session 2: 1, 8, 12, 16, 17, 
		Session 3: 2, 7, 11, 13, 19, 
		Session 4: 3, 6, 9, 14, 18, 
		Session 5: 4, 5, 10, 15, 20, 


** Choco 4.10.5 (2020-10) : Constraint Programming Solver, Copyright (c) 2010-2020
- Model[Model-0] features:
	Variables : 31502
	Constraints : 32754
	Building time : 0,429s
	User-defined search strategy : yes
	Complementary search strategy : no
- Complete search - 1 solution found.
	Model[Model-0]
	Solutions: 1
	Building time : 0,429s
	Resolution time : 1,016s
	Nodes: 621 (611,3 n/s) 
	Backtracks: 1 107
	Backjumps: 0
	Fails: 555
	Restarts: 0
==========================================================
inst6:

FORTNITERS(6,6,3,0,2)
	Day 1
		Session 1: 0, 1, 2, 3, 4, 5, 
		Session 2: 6, 11, 12, 13, 14, 15, 
		Session 3: 7, 16, 20, 21, 22, 23, 
		Session 4: 8, 17, 24, 27, 28, 29, 
		Session 5: 9, 18, 25, 30, 32, 33, 
		Session 6: 10, 19, 26, 31, 34, 35, 

	Day 2
		Session 1: 0, 6, 7, 8, 9, 10, 
		Session 2: 1, 11, 16, 17, 18, 19, 
		Session 3: 2, 12, 20, 24, 25, 26, 
		Session 4: 3, 13, 21, 27, 30, 31, 
		Session 5: 4, 14, 22, 28, 32, 34, 
		Session 6: 5, 15, 23, 29, 33, 35, 

	Day 3
		Session 1: 0, 1, 2, 3, 4, 5, 
		Session 2: 6, 11, 12, 13, 14, 15, 
		Session 3: 7, 16, 20, 21, 22, 23, 
		Session 4: 8, 17, 24, 27, 28, 29, 
		Session 5: 9, 18, 25, 30, 32, 33, 
		Session 6: 10, 19, 26, 31, 34, 35, 


** Choco 4.10.5 (2020-10) : Constraint Programming Solver, Copyright (c) 2010-2020
- Model[Model-0] features:
	Variables : 39188
	Constraints : 39959
	Building time : 0,935s
	User-defined search strategy : yes
	Complementary search strategy : no
- Complete search - 1 solution found.
	Model[Model-0]
	Solutions: 1
	Building time : 0,935s
	Resolution time : 0,456s
	Nodes: 91 (199,4 n/s) 
	Backtracks: 0
	Backjumps: 0
	Fails: 0
==========================================================
inst7:

FORTNITERS(7,7,7,0,7)
	Day 1
		Session 1: 0, 1, 2, 3, 4, 5, 6, 
		Session 2: 7, 13, 14, 15, 16, 17, 18, 
		Session 3: 8, 19, 24, 25, 26, 27, 28, 
		Session 4: 9, 20, 29, 33, 34, 35, 36, 
		Session 5: 10, 21, 30, 37, 40, 41, 42, 
		Session 6: 11, 22, 31, 38, 43, 45, 46, 
		Session 7: 12, 23, 32, 39, 44, 47, 48, 

	Day 2
		Session 1: 0, 7, 8, 9, 10, 11, 12, 
		Session 2: 1, 13, 19, 20, 21, 22, 23, 
		Session 3: 2, 14, 24, 29, 30, 31, 32, 
		Session 4: 3, 15, 25, 33, 37, 38, 39, 
		Session 5: 4, 16, 26, 34, 40, 43, 44, 
		Session 6: 5, 17, 27, 35, 41, 45, 47, 
		Session 7: 6, 18, 28, 36, 42, 46, 48, 

	Day 3
		Session 1: 0, 1, 2, 3, 4, 5, 6, 
		Session 2: 7, 13, 14, 15, 16, 17, 18, 
		Session 3: 8, 19, 24, 25, 26, 27, 28, 
		Session 4: 9, 20, 29, 33, 34, 35, 36, 
		Session 5: 10, 21, 30, 37, 40, 41, 42, 
		Session 6: 11, 22, 31, 38, 43, 45, 46, 
		Session 7: 12, 23, 32, 39, 44, 47, 48, 

	Day 4
		Session 1: 0, 7, 8, 9, 10, 11, 12, 
		Session 2: 1, 13, 19, 20, 21, 22, 23, 
		Session 3: 2, 14, 24, 29, 30, 31, 32, 
		Session 4: 3, 15, 25, 33, 37, 38, 39, 
		Session 5: 4, 16, 26, 34, 40, 43, 44, 
		Session 6: 5, 17, 27, 35, 41, 45, 47, 
		Session 7: 6, 18, 28, 36, 42, 46, 48, 

	Day 5
		Session 1: 0, 1, 2, 3, 4, 5, 6, 
		Session 2: 7, 13, 14, 15, 16, 17, 18, 
		Session 3: 8, 19, 24, 25, 26, 27, 28, 
		Session 4: 9, 20, 29, 33, 34, 35, 36, 
		Session 5: 10, 21, 30, 37, 40, 41, 42, 
		Session 6: 11, 22, 31, 38, 43, 45, 46, 
		Session 7: 12, 23, 32, 39, 44, 47, 48, 

	Day 6
		Session 1: 0, 7, 8, 9, 10, 11, 12, 
		Session 2: 1, 13, 19, 20, 21, 22, 23, 
		Session 3: 2, 14, 24, 29, 30, 31, 32, 
		Session 4: 3, 15, 25, 33, 37, 38, 39, 
		Session 5: 4, 16, 26, 34, 40, 43, 44, 
		Session 6: 5, 17, 27, 35, 41, 45, 47, 
		Session 7: 6, 18, 28, 36, 42, 46, 48, 

	Day 7
		Session 1: 0, 1, 2, 3, 4, 5, 6, 
		Session 2: 7, 13, 14, 15, 16, 17, 18, 
		Session 3: 8, 19, 24, 25, 26, 27, 28, 
		Session 4: 9, 20, 29, 33, 34, 35, 36, 
		Session 5: 10, 21, 30, 37, 40, 41, 42, 
		Session 6: 11, 22, 31, 38, 43, 45, 46, 
		Session 7: 12, 23, 32, 39, 44, 47, 48, 


** Choco 4.10.5 (2020-10) : Constraint Programming Solver, Copyright (c) 2010-2020
- Model[Model-0] features:
	Variables : 193258
	Constraints : 198351
	Building time : 2,978s
	User-defined search strategy : yes
	Complementary search strategy : no
- Complete search - 1 solution found.
	Model[Model-0]
	Solutions: 1
	Building time : 2,978s
	Resolution time : 2,523s
	Nodes: 295 (116,9 n/s) 
	Backtracks: 0
	Backjumps: 0
	Fails: 0
	Restarts: 0
==========================================================
inst8:

FORTNITERS(8,4,5,0,1)
	INFEASIBLE
** Choco 4.10.5 (2020-10) : Constraint Programming Solver, Copyright (c) 2010-2020
- Model[Model-0] features:
	Variables : 66418
	Constraints : 67351
	Building time : 1,174s
	User-defined search strategy : yes
	Complementary search strategy : no
- Incomplete search - Limit reached.
	Model[Model-0]
	Solutions: 0
	Building time : 1,174s
	Resolution time : 300,151s
	Nodes: 759 301 (2 529,7 n/s) 
	Backtracks: 1 518 340
	Backjumps: 0
	Fails: 759 178
	Restarts: 0
==========================================================
inst9:

FORTNITERS(8,8,9,0,1)
	INFEASIBLE
** Choco 4.10.5 (2020-10) : Constraint Programming Solver, Copyright (c) 2010-2020
- Model[Model-0] features:
	Variables : 478946
	Constraints : 491175
	Building time : 6,661s
	User-defined search strategy : yes
	Complementary search strategy : no
- Incomplete search - Limit reached.
	Model[Model-0]
	Solutions: 0
	Building time : 6,661s
	Resolution time : 300,123s
	Nodes: 205 133 (683,5 n/s) 
	Backtracks: 409 966
	Backjumps: 0
	Fails: 205 002
	Restarts: 0
